# --------------------------------------------------------
#       t_k              <E(t_k)>       <Pn(t_k)>     State fidelity -->
# --------------------------------------------------------
   0.000000e+00                nan    0.000000e+00       nan       nan       nan       nan
   5.000000e-03       4.0000000000    0.000000e+00 1.540744e-32 0.000000e+00 1.000000e+00 2.465190e-31
   1.000000e-02       4.0000000000    0.000000e+00 3.377901e-32 0.000000e+00 1.000000e+00 3.220636e-31
   1.500000e-02       4.0000000000    0.000000e+00 3.466674e-32 0.000000e+00 1.000000e+00 5.585197e-31
   2.000000e-02       4.0000000000    0.000000e+00 1.386670e-32 0.000000e+00 1.000000e+00 8.011869e-31
   2.500000e-02       4.0000001166    0.000000e+00 3.851860e-33 0.000000e+00 1.000000e+00 6.070531e-31
   3.000000e-02       4.0000003473    0.000000e+00 4.641491e-32 0.000000e+00 1.000000e+00 6.162976e-31
   3.500000e-02       4.0000008730    0.000000e+00 1.083336e-32 0.000000e+00 1.000000e+00 1.436744e-30
   4.000000e-02       4.0000019381    0.000000e+00 2.383639e-32 0.000000e+00 1.000000e+00 1.099853e-30
   4.500000e-02       4.0000039125    0.000000e+00 1.001484e-32 0.000000e+00 1.000000e+00 5.700753e-31
   5.000000e-02       4.0000073276    0.000000e+00 8.397055e-32 0.000000e+00 1.000000e+00 1.128595e-30
   5.500000e-02       4.0000129142    0.000000e+00 2.528746e-31 0.000000e+00 1.000000e+00 3.294111e-30
   6.000000e-02       4.0000216435    0.000000e+00 6.162976e-33 0.000000e+00 1.000000e+00 5.873316e-30
   6.500000e-02       4.0000347708    0.000000e+00 4.699269e-32 0.000000e+00 1.000000e+00 5.941109e-30
   7.000000e-02       4.0000538791    0.000000e+00 5.007418e-32 0.000000e+00 1.000000e+00 4.646884e-30
   7.500000e-02       4.0000809248    0.000000e+00 6.317050e-32 0.000000e+00 1.000000e+00 6.511184e-30
   8.000000e-02       4.0001182820    0.000000e+00 1.057336e-31 0.000000e+00 1.000000e+00 6.900222e-30
   8.500000e-02       4.0001687875    0.000000e+00 1.733337e-33 0.000000e+00 1.000000e+00 1.065444e-29
   9.000000e-02       4.0002357828    0.000000e+00 9.494835e-32 0.000000e+00 1.000000e+00 1.427653e-29
   9.500000e-02       4.0003231554    0.000000e+00 5.936679e-32 0.000000e+00 1.000000e+00 1.703215e-29
   1.000000e-01       4.0004353757    0.000000e+00 5.143437e-32 0.000000e+00 1.000000e+00 2.118234e-29
   1.050000e-01       4.0005775317    0.000000e+00 1.263410e-31 0.000000e+00 1.000000e+00 2.593399e-29
   1.100000e-01       4.0007553581    0.000000e+00 3.717045e-32 0.000000e+00 1.000000e+00 3.655434e-29
   1.150000e-01       4.0009752615    0.000000e+00 2.528746e-31 0.000000e+00 1.000000e+00 5.323290e-29
   1.200000e-01       4.0012443390    0.000000e+00 1.564337e-31 0.000000e+00 1.000000e+00 6.958385e-29
   1.250000e-01       4.0015703916    0.000000e+00 8.936315e-32 0.000000e+00 1.000000e+00 8.762519e-29
   1.300000e-01       4.0019619303    0.000000e+00 1.055410e-31 0.000000e+00 1.000000e+00 9.798207e-29
   1.350000e-01       4.0024281749    0.000000e+00 6.105198e-32 0.000000e+00 1.000000e+00 1.051958e-28
   1.400000e-01       4.0029790460    0.000000e+00 6.856311e-32 0.000000e+00 1.000000e+00 1.200702e-28
   1.450000e-01       4.0036251484    0.000000e+00 1.026521e-31 0.000000e+00 1.000000e+00 1.278201e-28
   1.500000e-01       4.0043777463    0.000000e+00 6.721496e-32 0.000000e+00 1.000000e+00 1.401769e-28
   1.550000e-01       4.0052487309    0.000000e+00 4.935195e-32 0.000000e+00 1.000000e+00 1.434126e-28
   1.600000e-01       4.0062505786    0.000000e+00 5.996281e-32 0.000000e+00 1.000000e+00 1.360184e-28
   1.650000e-01       4.0073963012    0.000000e+00 3.514822e-33 0.000000e+00 1.000000e+00 1.319187e-28
   1.700000e-01       4.0086993882    0.000000e+00 1.486818e-31 0.000000e+00 1.000000e+00 1.298608e-28
   1.750000e-01       4.0101737395    0.000000e+00 4.005934e-32 0.000000e+00 1.000000e+00 1.276044e-28
   1.800000e-01       4.0118335914    0.000000e+00 8.705203e-32 0.000000e+00 1.000000e+00 1.127332e-28
   1.850000e-01       4.0136934340    0.000000e+00 1.190706e-31 0.000000e+00 1.000000e+00 9.153560e-29
   1.900000e-01       4.0157679218    0.000000e+00 1.396299e-31 0.000000e+00 1.000000e+00 6.014005e-29
   1.950000e-01       4.0180717776    0.000000e+00 1.733337e-31 0.000000e+00 1.000000e+00 4.388039e-29
   2.000000e-01       4.0206196893    0.000000e+00 1.055410e-31 0.000000e+00 1.000000e+00 2.468272e-29
   2.050000e-01       4.0234262020    0.000000e+00 4.949640e-32 0.000000e+00 1.000000e+00 1.188857e-29
   2.100000e-01       4.0265056050    0.000000e+00 2.565820e-31 0.000000e+00 1.000000e+00 3.605341e-30
   2.150000e-01       4.0298718143    0.000000e+00 3.948156e-32 0.000000e+00 1.000000e+00 1.605455e-30
   2.200000e-01       4.0335382525    0.000000e+00 2.665487e-31 0.000000e+00 1.000000e+00 6.021998e-30
   2.250000e-01       4.0375177254    0.000000e+00 3.789568e-32 0.000000e+00 1.000000e+00 1.268245e-29
   2.300000e-01       4.0418222982    0.000000e+00 4.699269e-32 0.000000e+00 1.000000e+00 1.873005e-29
   2.350000e-01       4.0464631703    0.000000e+00 3.081488e-32 0.000000e+00 1.000000e+00 2.297866e-29
   2.400000e-01       4.0514505518    0.000000e+00 1.503429e-32 0.000000e+00 1.000000e+00 2.284312e-29
   2.450000e-01       4.0567935399    0.000000e+00 1.309632e-31 0.000000e+00 1.000000e+00 1.644590e-29
   2.500000e-01       4.0625000000    0.000000e+00 2.719413e-31 0.000000e+00 1.000000e+00 1.045549e-29
   2.550000e-01       4.0685764485    0.000000e+00 1.879708e-31 0.000000e+00 1.000000e+00 5.007418e-30
   2.600000e-01       4.0750279417    0.000000e+00 1.301929e-31 0.000000e+00 1.000000e+00 3.217073e-30
   2.650000e-01       4.0818579701    0.000000e+00 4.858158e-32 0.000000e+00 1.000000e+00 4.313421e-30
   2.700000e-01       4.0890683591    0.000000e+00 7.125941e-33 0.000000e+00 1.000000e+00 5.475804e-30
   2.750000e-01       4.0966591778    0.000000e+00 5.320381e-32 0.000000e+00 1.000000e+00 3.246540e-30
   2.800000e-01       4.1046286564    0.000000e+00 4.814825e-33 0.000000e+00 1.000000e+00 1.359707e-30
   2.850000e-01       4.1129731133    0.000000e+00 2.228301e-31 0.000000e+00 1.000000e+00 3.574526e-31
   2.900000e-01       4.1216868925    0.000000e+00 3.254822e-32 0.000000e+00 1.000000e+00 2.357338e-30
   2.950000e-01       4.1307623120    0.000000e+00 2.442079e-31 0.000000e+00 1.000000e+00 7.327778e-30
   3.000000e-01       4.1401896243    0.000000e+00 1.178669e-31 0.000000e+00 1.000000e+00 8.264551e-30
   3.050000e-01       4.1499569894    0.000000e+00 5.238529e-32 0.000000e+00 1.000000e+00 4.690025e-30
   3.100000e-01       4.1600504605    0.000000e+00 2.665487e-31 0.000000e+00 1.000000e+00 1.244921e-30
   3.150000e-01       4.1704539837    0.000000e+00 2.792598e-32 0.000000e+00 1.000000e+00 4.629936e-31
   3.200000e-01       4.1811494105    0.000000e+00 9.340760e-32 0.000000e+00 1.000000e+00 2.114671e-30
   3.250000e-01       4.1921165257    0.000000e+00 9.013352e-32 0.000000e+00 1.000000e+00 3.263488e-30
   3.300000e-01       4.2033330877    0.000000e+00 3.851860e-33 0.000000e+00 1.000000e+00 3.654645e-30
   3.350000e-01       4.2147748849    0.000000e+00 1.394373e-31 0.000000e+00 1.000000e+00 1.489177e-30
   3.400000e-01       4.2264158043    0.000000e+00 2.330375e-32 0.000000e+00 1.000000e+00 5.623715e-32
   3.450000e-01       4.2382279155    0.000000e+00 8.185202e-32 0.000000e+00 1.000000e+00 1.097010e-30
   3.500000e-01       4.2501815672    0.000000e+00 9.557427e-32 0.000000e+00 1.000000e+00 1.091617e-30
   3.550000e-01       4.2622454978    0.000000e+00 3.466674e-32 0.000000e+00 1.000000e+00 1.519174e-30
   3.600000e-01       4.2743869575    0.000000e+00 2.188338e-31 0.000000e+00 1.000000e+00 6.070531e-31
   3.650000e-01       4.2865718438    0.000000e+00 1.629818e-31 0.000000e+00 1.000000e+00 3.206673e-31
   3.700000e-01       4.2987648473    0.000000e+00 1.386670e-32 0.000000e+00 1.000000e+00 1.297306e-30
   3.750000e-01       4.3109296084    0.000000e+00 7.125941e-33 0.000000e+00 1.000000e+00 2.471353e-30
   3.800000e-01       4.3230288834    0.000000e+00 1.350077e-31 0.000000e+00 1.000000e+00 1.338136e-30
   3.850000e-01       4.3350247198    0.000000e+00 3.081488e-33 0.000000e+00 1.000000e+00 2.280301e-31
   3.900000e-01       4.3468786384    0.000000e+00 2.253338e-32 0.000000e+00 1.000000e+00 1.026135e-30
   3.950000e-01       4.3585518222    0.000000e+00 8.093721e-32 0.000000e+00 1.000000e+00 1.456196e-30
   4.000000e-01       4.3700053107    0.000000e+00 8.108165e-32 0.000000e+00 1.000000e+00 4.468157e-31
   4.050000e-01       4.3812001983    0.000000e+00 1.925930e-34 0.000000e+00 1.000000e+00 1.140151e-31
   4.100000e-01       4.3920978343    0.000000e+00 2.638524e-32 0.000000e+00 1.000000e+00 3.674674e-31
   4.150000e-01       4.4026600264    0.000000e+00 8.397055e-32 0.000000e+00 1.000000e+00 2.002967e-31
   4.200000e-01       4.4128492420    0.000000e+00 1.167595e-31 0.000000e+00 1.000000e+00 6.596310e-31
   4.250000e-01       4.4226288100    0.000000e+00 5.874086e-32 0.000000e+00 1.000000e+00 7.957943e-31
   4.300000e-01       4.4319631189    0.000000e+00 7.780757e-32 0.000000e+00 1.000000e+00 4.930381e-32
   4.350000e-01       4.4408178116    0.000000e+00 1.309632e-31 0.000000e+00 1.000000e+00 2.773339e-31
   4.400000e-01       4.4491599741    0.000000e+00 3.240377e-32 0.000000e+00 1.000000e+00 8.011869e-31
   4.450000e-01       4.4569583189    0.000000e+00 1.680675e-32 0.000000e+00 1.000000e+00 5.720493e-31
   4.500000e-01       4.4641833588    0.000000e+00 7.631497e-32 0.000000e+00 1.000000e+00 9.263723e-32
   4.550000e-01       4.4708075735    0.000000e+00 1.211410e-31 0.000000e+00 1.000000e+00 9.121204e-31
   4.600000e-01       4.4768055644    0.000000e+00 2.253338e-32 0.000000e+00 1.000000e+00 8.936315e-31
   4.650000e-01       4.4821541993    0.000000e+00 2.234079e-32 0.000000e+00 1.000000e+00 2.002967e-31
   4.700000e-01       4.4868327438    0.000000e+00 1.095854e-31 0.000000e+00 1.000000e+00 3.605341e-31
   4.750000e-01       4.4908229802    0.000000e+00 6.548162e-32 0.000000e+00 1.000000e+00 3.266377e-31
   4.800000e-01       4.4941093121    0.000000e+00 6.028161e-32 0.000000e+00 1.000000e+00 6.548162e-32
   4.850000e-01       4.4966788540    0.000000e+00 4.858158e-32 0.000000e+00 1.000000e+00 5.184603e-31
   4.900000e-01       4.4985215060    0.000000e+00 3.081488e-32 0.000000e+00 1.000000e+00 4.498972e-31
   4.950000e-01       4.4996300116    0.000000e+00 3.317414e-32 0.000000e+00 1.000000e+00 2.792598e-32
   5.000000e-01       4.5000000000    0.000000e+00 5.551493e-32 0.000000e+00 1.000000e+00 1.914856e-31
   5.050000e-01       4.4996300116    0.000000e+00 4.973714e-32 0.000000e+00 1.000000e+00 1.109456e-31
   5.100000e-01       4.4985215060    0.000000e+00 8.751697e-33 0.000000e+00 1.000000e+00 1.153451e-32
   5.150000e-01       4.4966788540    0.000000e+00 1.512024e-32 0.000000e+00 1.000000e+00 1.185651e-32
   5.200000e-01       4.4941093121    0.000000e+00 8.161429e-32 0.000000e+00 1.000000e+00 8.017436e-33
   5.250000e-01       4.4908229802    0.000000e+00 5.135688e-32 0.000000e+00 1.000000e+00 5.149756e-32
   5.300000e-01       4.4868327438    0.000000e+00 4.082971e-32 0.000000e+00 1.000000e+00 1.699633e-32
   5.350000e-01       4.4821541993    0.000000e+00 7.820479e-32 0.000000e+00 1.000000e+00 3.562970e-32
   5.400000e-01       4.4768055644    0.000000e+00 5.166307e-32 0.000000e+00 1.000000e+00 1.001484e-32
   5.450000e-01       4.4708075735    0.000000e+00 3.856675e-32 0.000000e+00 1.000000e+00 2.792598e-32
   5.500000e-01       4.4641833588    0.000000e+00 1.527262e-31 0.000000e+00 1.000000e+00 2.773339e-32
   5.550000e-01       4.4569583189    0.000000e+00 1.309632e-31 0.000000e+00 1.000000e+00 2.234079e-32
   5.600000e-01       4.4491599741    0.000000e+00 6.933348e-32 0.000000e+00 1.000000e+00 4.005934e-32
   5.650000e-01       4.4408178116    0.000000e+00 9.321501e-32 0.000000e+00 1.000000e+00 1.540744e-31
   5.700000e-01       4.4319631189    0.000000e+00 9.629650e-32 0.000000e+00 1.000000e+00 9.860761e-32
   5.750000e-01       4.4226288100    0.000000e+00 3.254822e-32 0.000000e+00 1.000000e+00 3.112303e-31
   5.800000e-01       4.4128492420    0.000000e+00 1.165188e-31 0.000000e+00 1.000000e+00 3.266377e-31
   5.850000e-01       4.4026600264    0.000000e+00 9.725946e-32 0.000000e+00 1.000000e+00 1.509929e-31
   5.900000e-01       4.3920978343    0.000000e+00 3.048706e-32 0.000000e+00 1.000000e+00 3.519426e-31
   5.950000e-01       4.3812001983    0.000000e+00 1.009669e-31 0.000000e+00 1.000000e+00 1.897041e-31
   6.000000e-01       4.3700053107    0.000000e+00 7.472608e-32 0.000000e+00 1.000000e+00 3.081488e-31
   6.050000e-01       4.3585518222    0.000000e+00 2.619265e-32 0.000000e+00 1.000000e+00 1.787263e-31
   6.100000e-01       4.3468786384    0.000000e+00 6.317050e-32 0.000000e+00 1.000000e+00 8.011869e-32
   6.150000e-01       4.3350247198    0.000000e+00 6.317050e-32 0.000000e+00 1.000000e+00 1.879708e-31
   6.200000e-01       4.3230288834    0.000000e+00 3.664082e-32 0.000000e+00 1.000000e+00 1.434818e-31
   6.250000e-01       4.3109296084    0.000000e+00 6.404921e-32 0.000000e+00 1.000000e+00 9.725946e-32
   6.300000e-01       4.2987648473    0.000000e+00 5.007418e-32 0.000000e+00 1.000000e+00 2.095412e-31
   6.350000e-01       4.2865718438    0.000000e+00 4.082971e-32 0.000000e+00 1.000000e+00 6.162976e-32
   6.400000e-01       4.2743869575    0.000000e+00 1.209484e-31 0.000000e+00 1.000000e+00 1.486818e-31
   6.450000e-01       4.2622454978    0.000000e+00 4.704084e-32 0.000000e+00 1.000000e+00 1.979856e-31
   6.500000e-01       4.2501815672    0.000000e+00 5.007418e-32 0.000000e+00 1.000000e+00 1.175299e-31
   6.550000e-01       4.2382279155    0.000000e+00 1.494522e-31 0.000000e+00 1.000000e+00 2.249486e-31
   6.600000e-01       4.2264158043    0.000000e+00 9.321501e-32 0.000000e+00 1.000000e+00 1.602374e-31
   6.650000e-01       4.2147748849    0.000000e+00 1.117039e-31 0.000000e+00 1.000000e+00 1.332744e-31
   6.700000e-01       4.2033330877    0.000000e+00 1.514262e-31 0.000000e+00 1.000000e+00 6.321865e-32
   6.750000e-01       4.1921165257    0.000000e+00 4.949640e-32 0.000000e+00 1.000000e+00 2.465190e-32
   6.800000e-01       4.1811494105    0.000000e+00 1.596596e-31 0.000000e+00 1.000000e+00 3.081488e-32
   6.850000e-01       4.1704539837    0.000000e+00 1.386670e-31 0.000000e+00 1.000000e+00 7.703720e-32
   6.900000e-01       4.1600504605    0.000000e+00 1.525818e-31 0.000000e+00 1.000000e+00 3.081488e-32
   6.950000e-01       4.1499569894    0.000000e+00 1.972634e-31 0.000000e+00 1.000000e+00 5.565938e-32
   7.000000e-01       4.1401896243    0.000000e+00 4.410380e-32 0.000000e+00 1.000000e+00 7.703720e-32
   7.050000e-01       4.1307623120    0.000000e+00 9.629650e-32 0.000000e+00 1.000000e+00 8.936315e-32
   7.100000e-01       4.1216868925    0.000000e+00 1.001965e-31 0.000000e+00 1.000000e+00 8.011869e-32
   7.150000e-01       4.1129731133    0.000000e+00 2.792598e-32 0.000000e+00 1.000000e+00 1.509929e-31
   7.200000e-01       4.1046286564    0.000000e+00 8.878537e-32 0.000000e+00 1.000000e+00 2.619265e-31
   7.250000e-01       4.0966591778    0.000000e+00 4.487417e-32 0.000000e+00 1.000000e+00 1.979856e-31
   7.300000e-01       4.0890683591    0.000000e+00 4.267139e-32 0.000000e+00 1.000000e+00 1.702522e-31
   7.350000e-01       4.0818579701    0.000000e+00 9.340760e-32 0.000000e+00 1.000000e+00 1.404003e-31
   7.400000e-01       4.0750279417    0.000000e+00 2.619265e-32 0.000000e+00 1.000000e+00 1.879708e-31
   7.450000e-01       4.0685764485    0.000000e+00 9.802983e-32 0.000000e+00 1.000000e+00 1.633189e-31
   7.500000e-01       4.0625000000    0.000000e+00 8.696777e-32 0.000000e+00 1.000000e+00 5.567141e-32
   7.550000e-01       4.0567935399    0.000000e+00 5.874086e-32 0.000000e+00 1.000000e+00 1.232595e-31
   7.600000e-01       4.0514505518    0.000000e+00 1.733337e-31 0.000000e+00 1.000000e+00 5.238529e-32
   7.650000e-01       4.0464631703    0.000000e+00 7.703720e-32 0.000000e+00 1.000000e+00 7.703720e-32
   7.700000e-01       4.0418222982    0.000000e+00 1.475292e-31 0.000000e+00 1.000000e+00 1.860930e-31
   7.750000e-01       4.0375177254    0.000000e+00 1.488744e-31 0.000000e+00 1.000000e+00 1.517633e-31
   7.800000e-01       4.0335382525    0.000000e+00 1.386670e-31 0.000000e+00 1.000000e+00 2.249486e-31
   7.850000e-01       4.0298718143    0.000000e+00 2.226856e-31 0.000000e+00 1.000000e+00 2.359264e-31
   7.900000e-01       4.0265056050    0.000000e+00 1.411707e-31 0.000000e+00 1.000000e+00 4.531713e-31
   7.950000e-01       4.0234262020    0.000000e+00 1.425188e-31 0.000000e+00 1.000000e+00 6.317050e-31
   8.000000e-01       4.0206196893    0.000000e+00 1.226817e-31 0.000000e+00 1.000000e+00 3.605341e-31
   8.050000e-01       4.0180717776    0.000000e+00 6.510847e-32 0.000000e+00 1.000000e+00 3.514822e-31
   8.100000e-01       4.0157679218    0.000000e+00 2.172930e-31 0.000000e+00 1.000000e+00 5.646827e-31
   8.150000e-01       4.0136934340    0.000000e+00 1.556151e-31 0.000000e+00 1.000000e+00 3.944305e-31
   8.200000e-01       4.0118335914    0.000000e+00 1.517633e-31 0.000000e+00 1.000000e+00 3.428155e-31
   8.250000e-01       4.0101737395    0.000000e+00 3.046942e-31 0.000000e+00 1.000000e+00 2.766786e-31
   8.300000e-01       4.0086993882    0.000000e+00 1.117039e-31 0.000000e+00 1.000000e+00 1.509929e-31
   8.350000e-01       4.0073963012    0.000000e+00 2.041486e-31 0.000000e+00 1.000000e+00 1.602374e-31
   8.400000e-01       4.0062505786    0.000000e+00 1.980337e-31 0.000000e+00 1.000000e+00 9.629650e-32
   8.450000e-01       4.0052487309    0.000000e+00 1.323234e-31 0.000000e+00 1.000000e+00 7.472608e-32
   8.500000e-01       4.0043777463    0.000000e+00 2.811858e-31 0.000000e+00 1.000000e+00 5.238529e-32
   8.550000e-01       4.0036251484    0.000000e+00 1.434818e-31 0.000000e+00 1.000000e+00 7.472608e-32
   8.600000e-01       4.0029790460    0.000000e+00 1.953374e-31 0.000000e+00 1.000000e+00 1.768485e-31
   8.650000e-01       4.0024281749    0.000000e+00 2.205190e-31 0.000000e+00 1.000000e+00 1.209484e-31
   8.700000e-01       4.0019619303    0.000000e+00 8.705203e-32 0.000000e+00 1.000000e+00 1.109336e-31
   8.750000e-01       4.0015703916    0.000000e+00 2.565339e-31 0.000000e+00 1.000000e+00 2.842673e-31
   8.800000e-01       4.0012443390    0.000000e+00 2.156050e-31 0.000000e+00 1.000000e+00 2.427153e-31
   8.850000e-01       4.0009752615    0.000000e+00 1.781485e-31 0.000000e+00 1.000000e+00 2.842673e-31
   8.900000e-01       4.0007553581    0.000000e+00 3.399266e-31 0.000000e+00 1.000000e+00 2.095412e-31
   8.950000e-01       4.0005775317    0.000000e+00 1.945671e-31 0.000000e+00 1.000000e+00 3.081488e-32
   9.000000e-01       4.0004353757    0.000000e+00 2.289931e-31 0.000000e+00 1.000000e+00 4.487417e-32
   9.050000e-01       4.0003231554    0.000000e+00 2.503709e-31 0.000000e+00 1.000000e+00 2.249486e-31
   9.100000e-01       4.0002357828    0.000000e+00 1.689041e-31 0.000000e+00 1.000000e+00 2.719413e-31
   9.150000e-01       4.0001687875    0.000000e+00 2.234079e-31 0.000000e+00 1.000000e+00 2.284634e-31
   9.200000e-01       4.0001182820    0.000000e+00 4.357416e-32 0.000000e+00 1.000000e+00 2.773339e-32
   9.250000e-01       4.0000809248    0.000000e+00 6.162976e-32 0.000000e+00 1.000000e+00 1.540744e-32
   9.300000e-01       4.0000538791    0.000000e+00 1.425188e-31 0.000000e+00 1.000000e+00 8.011869e-32
   9.350000e-01       4.0000347708    0.000000e+00 2.788085e-32 0.000000e+00 1.000000e+00 1.619737e-31
   9.400000e-01       4.0000216435    0.000000e+00 1.309632e-31 0.000000e+00 1.000000e+00 1.879708e-31
   9.450000e-01       4.0000129142    0.000000e+00 7.645942e-32 0.000000e+00 1.000000e+00 1.263410e-31
   9.500000e-01       4.0000073276    0.000000e+00 3.851860e-32 0.000000e+00 1.000000e+00 1.049632e-31
   9.550000e-01       4.0000039125    0.000000e+00 1.148336e-31 0.000000e+00 1.000000e+00 8.936315e-32
   9.600000e-01       4.0000019381    0.000000e+00 4.410380e-32 0.000000e+00 1.000000e+00 3.728600e-31
   9.650000e-01       4.0000008730    0.000000e+00 4.641491e-32 0.000000e+00 1.000000e+00 6.047420e-31
   9.700000e-01       4.0000003473    0.000000e+00 1.548929e-31 0.000000e+00 1.000000e+00 4.285194e-31
   9.750000e-01       4.0000001166    0.000000e+00 1.579263e-31 0.000000e+00 1.000000e+00 1.386670e-30
   9.800000e-01       4.0000000000    0.000000e+00 2.465190e-31 0.000000e+00 1.000000e+00 1.334284e-30
   9.850000e-01       4.0000000000    0.000000e+00 3.058377e-31 0.000000e+00 1.000000e+00 1.372032e-30
   9.900000e-01       4.0000000000    0.000000e+00 2.535005e-31 0.000000e+00 1.000000e+00 1.702982e-30
   9.950000e-01       4.0000000000    0.000000e+00 4.290972e-31 0.000000e+00 1.000000e+00 1.824241e-30
   1.000000e+00       4.0000000000    0.000000e+00 2.921636e-31 0.000000e+00 1.000000e+00 2.095412e-30
